<?xml version="1.0" encoding="UTF-8"?>
<!DOCTYPE svg PUBLIC "-//W3C//DTD SVG 1.1//EN" "http://www.w3.org/Graphics/SVG/1.1/DTD/svg11.dtd">
<svg version="1.2" viewBox="4020 7427 4752 4199" preserveAspectRatio="xMidYMid" fill-rule="evenodd" stroke-width="28.222" stroke-linejoin="round" xmlns="http://www.w3.org/2000/svg" xmlns:ooo="http://xml.openoffice.org/svg/export" xmlns:xlink="http://www.w3.org/1999/xlink" xmlns:presentation="http://sun.com/xmlns/staroffice/presentation" xmlns:smil="http://www.w3.org/2001/SMIL20/" xmlns:anim="urn:oasis:names:tc:opendocument:xmlns:animation:1.0" xmlns:svg="urn:oasis:names:tc:opendocument:xmlns:svg-compatible:1.0" xml:space="preserve">
 <defs class="EmbeddedBulletChars">
  <g id="bullet-char-template-57356" transform="scale(0.00048828125,-0.00048828125)">
   <path d="M 580,1141 L 1163,571 580,0 -4,571 580,1141 Z"/>
  </g>
  <g id="bullet-char-template-57354" transform="scale(0.00048828125,-0.00048828125)">
   <path d="M 8,1128 L 1137,1128 1137,0 8,0 8,1128 Z"/>
  </g>
  <g id="bullet-char-template-10146" transform="scale(0.00048828125,-0.00048828125)">
   <path d="M 174,0 L 602,739 174,1481 1456,739 174,0 Z M 1358,739 L 309,1346 659,739 1358,739 Z"/>
  </g>
  <g id="bullet-char-template-10132" transform="scale(0.00048828125,-0.00048828125)">
   <path d="M 2015,739 L 1276,0 717,0 1260,543 174,543 174,936 1260,936 717,1481 1274,1481 2015,739 Z"/>
  </g>
  <g id="bullet-char-template-10007" transform="scale(0.00048828125,-0.00048828125)">
   <path d="M 0,-2 C -7,14 -16,27 -25,37 L 356,567 C 262,823 215,952 215,954 215,979 228,992 255,992 264,992 276,990 289,987 310,991 331,999 354,1012 L 381,999 492,748 772,1049 836,1024 860,1049 C 881,1039 901,1025 922,1006 886,937 835,863 770,784 769,783 710,716 594,584 L 774,223 C 774,196 753,168 711,139 L 727,119 C 717,90 699,76 672,76 641,76 570,178 457,381 L 164,-76 C 142,-110 111,-127 72,-127 30,-127 9,-110 8,-76 1,-67 -2,-52 -2,-32 -2,-23 -1,-13 0,-2 Z"/>
  </g>
  <g id="bullet-char-template-10004" transform="scale(0.00048828125,-0.00048828125)">
   <path d="M 285,-33 C 182,-33 111,30 74,156 52,228 41,333 41,471 41,549 55,616 82,672 116,743 169,778 240,778 293,778 328,747 346,684 L 369,508 C 377,444 397,411 428,410 L 1163,1116 C 1174,1127 1196,1133 1229,1133 1271,1133 1292,1118 1292,1087 L 1292,965 C 1292,929 1282,901 1262,881 L 442,47 C 390,-6 338,-33 285,-33 Z"/>
  </g>
  <g id="bullet-char-template-9679" transform="scale(0.00048828125,-0.00048828125)">
   <path d="M 813,0 C 632,0 489,54 383,161 276,268 223,411 223,592 223,773 276,916 383,1023 489,1130 632,1184 813,1184 992,1184 1136,1130 1245,1023 1353,916 1407,772 1407,592 1407,412 1353,268 1245,161 1136,54 992,0 813,0 Z"/>
  </g>
  <g id="bullet-char-template-8226" transform="scale(0.00048828125,-0.00048828125)">
   <path d="M 346,457 C 273,457 209,483 155,535 101,586 74,649 74,723 74,796 101,859 155,911 209,963 273,989 346,989 419,989 480,963 531,910 582,859 608,796 608,723 608,648 583,586 532,535 482,483 420,457 346,457 Z"/>
  </g>
  <g id="bullet-char-template-8211" transform="scale(0.00048828125,-0.00048828125)">
   <path d="M -4,459 L 1135,459 1135,606 -4,606 -4,459 Z"/>
  </g>
  <g id="bullet-char-template-61548" transform="scale(0.00048828125,-0.00048828125)">
   <path d="M 173,740 C 173,903 231,1043 346,1159 462,1274 601,1332 765,1332 928,1332 1067,1274 1183,1159 1299,1043 1357,903 1357,740 1357,577 1299,437 1183,322 1067,206 928,148 765,148 601,148 462,206 346,322 231,437 173,577 173,740 Z"/>
  </g>
 </defs>
 <g ooo:name="page2" class="Page">
  <g class="Group">
   <g class="com.sun.star.drawing.CustomShape">
    <g id="id3">
     <rect class="BoundingBox" stroke="none" fill="none" x="4055" y="7427" width="4097" height="2489"/>
     <g>
      <defs>
       <pattern id="pattern1" x="4056" y="7428" width="4096" height="2487" patternUnits="userSpaceOnUse">
        <g transform="translate(-4056,-7428)">
         <defs>
          <clipPath id="clip_path_1" clipPathUnits="userSpaceOnUse">
           <path d="M 4048,7435 L 8149,7435 8149,9922 4048,9922 4048,7435 Z "/>
          </clipPath>
         </defs>
         <g clip-path="url(#clip_path_1)">
          <path fill="rgb(255,0,0)" stroke="none" d="M 4055,7427 L 8152,7427 8152,9915 4055,9915 4055,7427 Z M 8153,9802 C 9463,9802 10526,8740 10526,7428 10526,6117 9463,5054 8153,5054 6843,5054 5780,6117 5780,7428 5780,8740 6843,9802 8153,9802 Z "/>
          <path fill="rgb(254,0,0)" stroke="none" d="M 8153,9802 C 9463,9802 10526,8740 10526,7428 10526,6117 9463,5054 8153,5054 6843,5054 5780,6117 5780,7428 5780,8740 6843,9802 8153,9802 Z M 8153,9779 C 9450,9779 10503,8727 10503,7428 10503,6130 9450,5077 8153,5077 6856,5077 5803,6130 5803,7428 5803,8727 6856,9779 8153,9779 Z "/>
          <path fill="rgb(253,0,0)" stroke="none" d="M 8153,9779 C 9450,9779 10503,8727 10503,7428 10503,6130 9450,5077 8153,5077 6856,5077 5803,6130 5803,7428 5803,8727 6856,9779 8153,9779 Z M 8153,9756 C 9438,9756 10480,8714 10480,7428 10480,6143 9438,5100 8153,5100 6868,5100 5826,6143 5826,7428 5826,8714 6868,9756 8153,9756 Z "/>
          <path fill="rgb(252,0,0)" stroke="none" d="M 8153,9756 C 9438,9756 10480,8714 10480,7428 10480,6143 9438,5100 8153,5100 6868,5100 5826,6143 5826,7428 5826,8714 6868,9756 8153,9756 Z M 8153,9733 C 9425,9733 10457,8702 10457,7428 10457,6155 9425,5123 8153,5123 6881,5123 5849,6155 5849,7428 5849,8702 6881,9733 8153,9733 Z "/>
          <path fill="rgb(251,0,0)" stroke="none" d="M 8153,9733 C 9425,9733 10457,8702 10457,7428 10457,6155 9425,5123 8153,5123 6881,5123 5849,6155 5849,7428 5849,8702 6881,9733 8153,9733 Z M 8153,9710 C 9412,9710 10434,8689 10434,7428 10434,6168 9412,5146 8153,5146 6894,5146 5872,6168 5872,7428 5872,8689 6894,9710 8153,9710 Z "/>
          <path fill="rgb(250,0,0)" stroke="none" d="M 8153,9710 C 9412,9710 10434,8689 10434,7428 10434,6168 9412,5146 8153,5146 6894,5146 5872,6168 5872,7428 5872,8689 6894,9710 8153,9710 Z M 8153,9687 C 9400,9687 10411,8676 10411,7428 10411,6181 9400,5169 8153,5169 6906,5169 5895,6181 5895,7428 5895,8676 6906,9687 8153,9687 Z "/>
          <path fill="rgb(249,0,0)" stroke="none" d="M 8153,9687 C 9400,9687 10411,8676 10411,7428 10411,6181 9400,5169 8153,5169 6906,5169 5895,6181 5895,7428 5895,8676 6906,9687 8153,9687 Z M 8153,9664 C 9387,9664 10388,8663 10388,7428 10388,6194 9387,5192 8153,5192 6919,5192 5918,6194 5918,7428 5918,8663 6919,9664 8153,9664 Z "/>
          <path fill="rgb(248,0,0)" stroke="none" d="M 8153,9664 C 9387,9664 10388,8663 10388,7428 10388,6194 9387,5192 8153,5192 6919,5192 5918,6194 5918,7428 5918,8663 6919,9664 8153,9664 Z M 8153,9641 C 9374,9641 10365,8651 10365,7428 10365,6206 9374,5215 8153,5215 6932,5215 5941,6206 5941,7428 5941,8651 6932,9641 8153,9641 Z "/>
          <path fill="rgb(247,0,0)" stroke="none" d="M 8153,9641 C 9374,9641 10365,8651 10365,7428 10365,6206 9374,5215 8153,5215 6932,5215 5941,6206 5941,7428 5941,8651 6932,9641 8153,9641 Z M 8153,9618 C 9361,9618 10342,8638 10342,7428 10342,6219 9361,5238 8153,5238 6945,5238 5964,6219 5964,7428 5964,8638 6945,9618 8153,9618 Z "/>
          <path fill="rgb(246,0,0)" stroke="none" d="M 8153,9618 C 9361,9618 10342,8638 10342,7428 10342,6219 9361,5238 8153,5238 6945,5238 5964,6219 5964,7428 5964,8638 6945,9618 8153,9618 Z M 8153,9595 C 9349,9595 10319,8625 10319,7428 10319,6232 9349,5261 8153,5261 6957,5261 5987,6232 5987,7428 5987,8625 6957,9595 8153,9595 Z "/>
          <path fill="rgb(245,0,0)" stroke="none" d="M 8153,9595 C 9349,9595 10319,8625 10319,7428 10319,6232 9349,5261 8153,5261 6957,5261 5987,6232 5987,7428 5987,8625 6957,9595 8153,9595 Z M 8153,9572 C 9336,9572 10296,8613 10296,7428 10296,6244 9336,5284 8153,5284 6970,5284 6010,6244 6010,7428 6010,8613 6970,9572 8153,9572 Z "/>
          <path fill="rgb(244,0,0)" stroke="none" d="M 8153,9572 C 9336,9572 10296,8613 10296,7428 10296,6244 9336,5284 8153,5284 6970,5284 6010,6244 6010,7428 6010,8613 6970,9572 8153,9572 Z M 8153,9549 C 9323,9549 10273,8600 10273,7428 10273,6257 9323,5307 8153,5307 6983,5307 6033,6257 6033,7428 6033,8600 6983,9549 8153,9549 Z "/>
          <path fill="rgb(243,0,0)" stroke="none" d="M 8153,9549 C 9323,9549 10273,8600 10273,7428 10273,6257 9323,5307 8153,5307 6983,5307 6033,6257 6033,7428 6033,8600 6983,9549 8153,9549 Z M 8153,9526 C 9311,9526 10250,8587 10250,7428 10250,6270 9311,5330 8153,5330 6995,5330 6056,6270 6056,7428 6056,8587 6995,9526 8153,9526 Z "/>
          <path fill="rgb(242,0,0)" stroke="none" d="M 8153,9526 C 9311,9526 10250,8587 10250,7428 10250,6270 9311,5330 8153,5330 6995,5330 6056,6270 6056,7428 6056,8587 6995,9526 8153,9526 Z M 8153,9503 C 9298,9503 10227,8574 10227,7428 10227,6283 9298,5353 8153,5353 7008,5353 6079,6283 6079,7428 6079,8574 7008,9503 8153,9503 Z "/>
          <path fill="rgb(241,0,0)" stroke="none" d="M 8153,9503 C 9298,9503 10227,8574 10227,7428 10227,6283 9298,5353 8153,5353 7008,5353 6079,6283 6079,7428 6079,8574 7008,9503 8153,9503 Z M 8153,9480 C 9285,9480 10204,8562 10204,7428 10204,6295 9285,5376 8153,5376 7021,5376 6102,6295 6102,7428 6102,8562 7021,9480 8153,9480 Z "/>
          <path fill="rgb(240,0,0)" stroke="none" d="M 8153,9480 C 9285,9480 10204,8562 10204,7428 10204,6295 9285,5376 8153,5376 7021,5376 6102,6295 6102,7428 6102,8562 7021,9480 8153,9480 Z M 8153,9457 C 9273,9457 10181,8549 10181,7428 10181,6308 9273,5399 8153,5399 7033,5399 6125,6308 6125,7428 6125,8549 7033,9457 8153,9457 Z "/>
          <path fill="rgb(239,0,0)" stroke="none" d="M 8153,9457 C 9273,9457 10181,8549 10181,7428 10181,6308 9273,5399 8153,5399 7033,5399 6125,6308 6125,7428 6125,8549 7033,9457 8153,9457 Z M 8153,9434 C 9260,9434 10158,8536 10158,7428 10158,6321 9260,5422 8153,5422 7046,5422 6148,6321 6148,7428 6148,8536 7046,9434 8153,9434 Z "/>
          <path fill="rgb(238,0,0)" stroke="none" d="M 8153,9434 C 9260,9434 10158,8536 10158,7428 10158,6321 9260,5422 8153,5422 7046,5422 6148,6321 6148,7428 6148,8536 7046,9434 8153,9434 Z M 8153,9411 C 9247,9411 10135,8524 10135,7428 10135,6333 9247,5445 8153,5445 7059,5445 6171,6333 6171,7428 6171,8524 7059,9411 8153,9411 Z "/>
          <path fill="rgb(237,0,0)" stroke="none" d="M 8153,9411 C 9247,9411 10135,8524 10135,7428 10135,6333 9247,5445 8153,5445 7059,5445 6171,6333 6171,7428 6171,8524 7059,9411 8153,9411 Z M 8153,9387 C 9234,9387 10111,8510 10111,7428 10111,6347 9234,5469 8153,5469 7072,5469 6195,6347 6195,7428 6195,8510 7072,9387 8153,9387 Z "/>
          <path fill="rgb(236,0,0)" stroke="none" d="M 8153,9387 C 9234,9387 10111,8510 10111,7428 10111,6347 9234,5469 8153,5469 7072,5469 6195,6347 6195,7428 6195,8510 7072,9387 8153,9387 Z M 8153,9364 C 9221,9364 10088,8498 10088,7428 10088,6359 9221,5492 8153,5492 7085,5492 6218,6359 6218,7428 6218,8498 7085,9364 8153,9364 Z "/>
          <path fill="rgb(235,0,0)" stroke="none" d="M 8153,9364 C 9221,9364 10088,8498 10088,7428 10088,6359 9221,5492 8153,5492 7085,5492 6218,6359 6218,7428 6218,8498 7085,9364 8153,9364 Z M 8153,9341 C 9208,9341 10065,8485 10065,7428 10065,6372 9208,5515 8153,5515 7098,5515 6241,6372 6241,7428 6241,8485 7098,9341 8153,9341 Z "/>
          <path fill="rgb(234,0,0)" stroke="none" d="M 8153,9341 C 9208,9341 10065,8485 10065,7428 10065,6372 9208,5515 8153,5515 7098,5515 6241,6372 6241,7428 6241,8485 7098,9341 8153,9341 Z M 8153,9318 C 9196,9318 10042,8472 10042,7428 10042,6385 9196,5538 8153,5538 7110,5538 6264,6385 6264,7428 6264,8472 7110,9318 8153,9318 Z "/>
          <path fill="rgb(233,0,0)" stroke="none" d="M 8153,9318 C 9196,9318 10042,8472 10042,7428 10042,6385 9196,5538 8153,5538 7110,5538 6264,6385 6264,7428 6264,8472 7110,9318 8153,9318 Z M 8153,9295 C 9183,9295 10019,8460 10019,7428 10019,6397 9183,5561 8153,5561 7123,5561 6287,6397 6287,7428 6287,8460 7123,9295 8153,9295 Z "/>
          <path fill="rgb(232,0,0)" stroke="none" d="M 8153,9295 C 9183,9295 10019,8460 10019,7428 10019,6397 9183,5561 8153,5561 7123,5561 6287,6397 6287,7428 6287,8460 7123,9295 8153,9295 Z M 8153,9272 C 9170,9272 9996,8447 9996,7428 9996,6410 9170,5584 8153,5584 7136,5584 6310,6410 6310,7428 6310,8447 7136,9272 8153,9272 Z "/>
          <path fill="rgb(231,0,0)" stroke="none" d="M 8153,9272 C 9170,9272 9996,8447 9996,7428 9996,6410 9170,5584 8153,5584 7136,5584 6310,6410 6310,7428 6310,8447 7136,9272 8153,9272 Z M 8153,9249 C 9158,9249 9973,8434 9973,7428 9973,6423 9158,5607 8153,5607 7148,5607 6333,6423 6333,7428 6333,8434 7148,9249 8153,9249 Z "/>
          <path fill="rgb(230,0,0)" stroke="none" d="M 8153,9249 C 9158,9249 9973,8434 9973,7428 9973,6423 9158,5607 8153,5607 7148,5607 6333,6423 6333,7428 6333,8434 7148,9249 8153,9249 Z M 8153,9226 C 9145,9226 9950,8422 9950,7428 9950,6435 9145,5630 8153,5630 7161,5630 6356,6435 6356,7428 6356,8422 7161,9226 8153,9226 Z "/>
          <path fill="rgb(229,0,0)" stroke="none" d="M 8153,9226 C 9145,9226 9950,8422 9950,7428 9950,6435 9145,5630 8153,5630 7161,5630 6356,6435 6356,7428 6356,8422 7161,9226 8153,9226 Z M 8153,9203 C 9132,9203 9927,8409 9927,7428 9927,6448 9132,5653 8153,5653 7174,5653 6379,6448 6379,7428 6379,8409 7174,9203 8153,9203 Z "/>
          <path fill="rgb(228,0,0)" stroke="none" d="M 8153,9203 C 9132,9203 9927,8409 9927,7428 9927,6448 9132,5653 8153,5653 7174,5653 6379,6448 6379,7428 6379,8409 7174,9203 8153,9203 Z M 8153,9180 C 9120,9180 9904,8396 9904,7428 9904,6461 9120,5676 8153,5676 7186,5676 6402,6461 6402,7428 6402,8396 7186,9180 8153,9180 Z "/>
          <path fill="rgb(227,0,0)" stroke="none" d="M 8153,9180 C 9120,9180 9904,8396 9904,7428 9904,6461 9120,5676 8153,5676 7186,5676 6402,6461 6402,7428 6402,8396 7186,9180 8153,9180 Z M 8153,9157 C 9107,9157 9881,8383 9881,7428 9881,6474 9107,5699 8153,5699 7199,5699 6425,6474 6425,7428 6425,8383 7199,9157 8153,9157 Z "/>
          <path fill="rgb(226,0,0)" stroke="none" d="M 8153,9157 C 9107,9157 9881,8383 9881,7428 9881,6474 9107,5699 8153,5699 7199,5699 6425,6474 6425,7428 6425,8383 7199,9157 8153,9157 Z M 8153,9134 C 9094,9134 9858,8371 9858,7428 9858,6486 9094,5722 8153,5722 7212,5722 6448,6486 6448,7428 6448,8371 7212,9134 8153,9134 Z "/>
          <path fill="rgb(225,0,0)" stroke="none" d="M 8153,9134 C 9094,9134 9858,8371 9858,7428 9858,6486 9094,5722 8153,5722 7212,5722 6448,6486 6448,7428 6448,8371 7212,9134 8153,9134 Z M 8153,9111 C 9081,9111 9835,8358 9835,7428 9835,6499 9081,5745 8153,5745 7225,5745 6471,6499 6471,7428 6471,8358 7225,9111 8153,9111 Z "/>
          <path fill="rgb(224,0,0)" stroke="none" d="M 8153,9111 C 9081,9111 9835,8358 9835,7428 9835,6499 9081,5745 8153,5745 7225,5745 6471,6499 6471,7428 6471,8358 7225,9111 8153,9111 Z M 8153,9088 C 9069,9088 9812,8345 9812,7428 9812,6512 9069,5768 8153,5768 7237,5768 6494,6512 6494,7428 6494,8345 7237,9088 8153,9088 Z "/>
          <path fill="rgb(223,0,0)" stroke="none" d="M 8153,9088 C 9069,9088 9812,8345 9812,7428 9812,6512 9069,5768 8153,5768 7237,5768 6494,6512 6494,7428 6494,8345 7237,9088 8153,9088 Z M 8153,9065 C 9056,9065 9789,8333 9789,7428 9789,6524 9056,5791 8153,5791 7250,5791 6517,6524 6517,7428 6517,8333 7250,9065 8153,9065 Z "/>
          <path fill="rgb(222,0,0)" stroke="none" d="M 8153,9065 C 9056,9065 9789,8333 9789,7428 9789,6524 9056,5791 8153,5791 7250,5791 6517,6524 6517,7428 6517,8333 7250,9065 8153,9065 Z M 8153,9042 C 9043,9042 9766,8320 9766,7428 9766,6537 9043,5814 8153,5814 7263,5814 6540,6537 6540,7428 6540,8320 7263,9042 8153,9042 Z "/>
          <path fill="rgb(221,0,0)" stroke="none" d="M 8153,9042 C 9043,9042 9766,8320 9766,7428 9766,6537 9043,5814 8153,5814 7263,5814 6540,6537 6540,7428 6540,8320 7263,9042 8153,9042 Z M 8153,9019 C 9031,9019 9743,8307 9743,7428 9743,6550 9031,5837 8153,5837 7275,5837 6563,6550 6563,7428 6563,8307 7275,9019 8153,9019 Z "/>
          <path fill="rgb(220,0,0)" stroke="none" d="M 8153,9019 C 9031,9019 9743,8307 9743,7428 9743,6550 9031,5837 8153,5837 7275,5837 6563,6550 6563,7428 6563,8307 7275,9019 8153,9019 Z M 8153,8996 C 9018,8996 9720,8294 9720,7428 9720,6563 9018,5860 8153,5860 7288,5860 6586,6563 6586,7428 6586,8294 7288,8996 8153,8996 Z "/>
          <path fill="rgb(219,0,0)" stroke="none" d="M 8153,8996 C 9018,8996 9720,8294 9720,7428 9720,6563 9018,5860 8153,5860 7288,5860 6586,6563 6586,7428 6586,8294 7288,8996 8153,8996 Z M 8153,8973 C 9005,8973 9697,8282 9697,7428 9697,6575 9005,5883 8153,5883 7301,5883 6609,6575 6609,7428 6609,8282 7301,8973 8153,8973 Z "/>
          <path fill="rgb(218,0,0)" stroke="none" d="M 8153,8973 C 9005,8973 9697,8282 9697,7428 9697,6575 9005,5883 8153,5883 7301,5883 6609,6575 6609,7428 6609,8282 7301,8973 8153,8973 Z M 8153,8949 C 8992,8949 9673,8269 9673,7428 9673,6588 8992,5907 8153,5907 7314,5907 6633,6588 6633,7428 6633,8269 7314,8949 8153,8949 Z "/>
          <path fill="rgb(217,0,0)" stroke="none" d="M 8153,8949 C 8992,8949 9673,8269 9673,7428 9673,6588 8992,5907 8153,5907 7314,5907 6633,6588 6633,7428 6633,8269 7314,8949 8153,8949 Z M 8153,8926 C 8979,8926 9650,8256 9650,7428 9650,6601 8979,5930 8153,5930 7327,5930 6656,6601 6656,7428 6656,8256 7327,8926 8153,8926 Z "/>
          <path fill="rgb(216,0,0)" stroke="none" d="M 8153,8926 C 8979,8926 9650,8256 9650,7428 9650,6601 8979,5930 8153,5930 7327,5930 6656,6601 6656,7428 6656,8256 7327,8926 8153,8926 Z M 8153,8903 C 8967,8903 9627,8243 9627,7428 9627,6614 8967,5953 8153,5953 7339,5953 6679,6614 6679,7428 6679,8243 7339,8903 8153,8903 Z "/>
          <path fill="rgb(215,0,0)" stroke="none" d="M 8153,8903 C 8967,8903 9627,8243 9627,7428 9627,6614 8967,5953 8153,5953 7339,5953 6679,6614 6679,7428 6679,8243 7339,8903 8153,8903 Z M 8153,8880 C 8954,8880 9604,8230 9604,7428 9604,6627 8954,5976 8153,5976 7352,5976 6702,6627 6702,7428 6702,8230 7352,8880 8153,8880 Z "/>
          <path fill="rgb(214,0,0)" stroke="none" d="M 8153,8880 C 8954,8880 9604,8230 9604,7428 9604,6627 8954,5976 8153,5976 7352,5976 6702,6627 6702,7428 6702,8230 7352,8880 8153,8880 Z M 8153,8857 C 8941,8857 9581,8218 9581,7428 9581,6639 8941,5999 8153,5999 7365,5999 6725,6639 6725,7428 6725,8218 7365,8857 8153,8857 Z "/>
          <path fill="rgb(213,0,0)" stroke="none" d="M 8153,8857 C 8941,8857 9581,8218 9581,7428 9581,6639 8941,5999 8153,5999 7365,5999 6725,6639 6725,7428 6725,8218 7365,8857 8153,8857 Z M 8153,8834 C 8928,8834 9558,8205 9558,7428 9558,6652 8928,6022 8153,6022 7378,6022 6748,6652 6748,7428 6748,8205 7378,8834 8153,8834 Z "/>
          <path fill="rgb(212,0,0)" stroke="none" d="M 8153,8834 C 8928,8834 9558,8205 9558,7428 9558,6652 8928,6022 8153,6022 7378,6022 6748,6652 6748,7428 6748,8205 7378,8834 8153,8834 Z M 8153,8811 C 8916,8811 9535,8192 9535,7428 9535,6665 8916,6045 8153,6045 7390,6045 6771,6665 6771,7428 6771,8192 7390,8811 8153,8811 Z "/>
          <path fill="rgb(211,0,0)" stroke="none" d="M 8153,8811 C 8916,8811 9535,8192 9535,7428 9535,6665 8916,6045 8153,6045 7390,6045 6771,6665 6771,7428 6771,8192 7390,8811 8153,8811 Z M 8153,8788 C 8903,8788 9512,8180 9512,7428 9512,6677 8903,6068 8153,6068 7403,6068 6794,6677 6794,7428 6794,8180 7403,8788 8153,8788 Z "/>
          <path fill="rgb(210,0,0)" stroke="none" d="M 8153,8788 C 8903,8788 9512,8180 9512,7428 9512,6677 8903,6068 8153,6068 7403,6068 6794,6677 6794,7428 6794,8180 7403,8788 8153,8788 Z M 8153,8765 C 8890,8765 9489,8167 9489,7428 9489,6690 8890,6091 8153,6091 7416,6091 6817,6690 6817,7428 6817,8167 7416,8765 8153,8765 Z "/>
          <path fill="rgb(209,0,0)" stroke="none" d="M 8153,8765 C 8890,8765 9489,8167 9489,7428 9489,6690 8890,6091 8153,6091 7416,6091 6817,6690 6817,7428 6817,8167 7416,8765 8153,8765 Z M 8153,8742 C 8878,8742 9466,8154 9466,7428 9466,6703 8878,6114 8153,6114 7428,6114 6840,6703 6840,7428 6840,8154 7428,8742 8153,8742 Z "/>
          <path fill="rgb(208,0,0)" stroke="none" d="M 8153,8742 C 8878,8742 9466,8154 9466,7428 9466,6703 8878,6114 8153,6114 7428,6114 6840,6703 6840,7428 6840,8154 7428,8742 8153,8742 Z M 8153,8719 C 8865,8719 9443,8141 9443,7428 9443,6716 8865,6137 8153,6137 7441,6137 6863,6716 6863,7428 6863,8141 7441,8719 8153,8719 Z "/>
          <path fill="rgb(207,0,0)" stroke="none" d="M 8153,8719 C 8865,8719 9443,8141 9443,7428 9443,6716 8865,6137 8153,6137 7441,6137 6863,6716 6863,7428 6863,8141 7441,8719 8153,8719 Z M 8153,8696 C 8852,8696 9420,8129 9420,7428 9420,6728 8852,6160 8153,6160 7454,6160 6886,6728 6886,7428 6886,8129 7454,8696 8153,8696 Z "/>
          <path fill="rgb(206,0,0)" stroke="none" d="M 8153,8696 C 8852,8696 9420,8129 9420,7428 9420,6728 8852,6160 8153,6160 7454,6160 6886,6728 6886,7428 6886,8129 7454,8696 8153,8696 Z M 8153,8673 C 8840,8673 9397,8116 9397,7428 9397,6741 8840,6183 8153,6183 7466,6183 6909,6741 6909,7428 6909,8116 7466,8673 8153,8673 Z "/>
          <path fill="rgb(205,0,0)" stroke="none" d="M 8153,8673 C 8840,8673 9397,8116 9397,7428 9397,6741 8840,6183 8153,6183 7466,6183 6909,6741 6909,7428 6909,8116 7466,8673 8153,8673 Z M 8153,8650 C 8827,8650 9374,8103 9374,7428 9374,6754 8827,6206 8153,6206 7479,6206 6932,6754 6932,7428 6932,8103 7479,8650 8153,8650 Z "/>
          <path fill="rgb(204,0,0)" stroke="none" d="M 8153,8650 C 8827,8650 9374,8103 9374,7428 9374,6754 8827,6206 8153,6206 7479,6206 6932,6754 6932,7428 6932,8103 7479,8650 8153,8650 Z M 8153,8627 C 8814,8627 9351,8091 9351,7428 9351,6766 8814,6229 8153,6229 7492,6229 6955,6766 6955,7428 6955,8091 7492,8627 8153,8627 Z "/>
          <path fill="rgb(203,0,0)" stroke="none" d="M 8153,8627 C 8814,8627 9351,8091 9351,7428 9351,6766 8814,6229 8153,6229 7492,6229 6955,6766 6955,7428 6955,8091 7492,8627 8153,8627 Z M 8153,8604 C 8801,8604 9328,8078 9328,7428 9328,6779 8801,6252 8153,6252 7505,6252 6978,6779 6978,7428 6978,8078 7505,8604 8153,8604 Z "/>
          <path fill="rgb(202,0,0)" stroke="none" d="M 8153,8604 C 8801,8604 9328,8078 9328,7428 9328,6779 8801,6252 8153,6252 7505,6252 6978,6779 6978,7428 6978,8078 7505,8604 8153,8604 Z M 8153,8581 C 8789,8581 9305,8065 9305,7428 9305,6792 8789,6275 8153,6275 7517,6275 7001,6792 7001,7428 7001,8065 7517,8581 8153,8581 Z "/>
          <path fill="rgb(201,0,0)" stroke="none" d="M 8153,8581 C 8789,8581 9305,8065 9305,7428 9305,6792 8789,6275 8153,6275 7517,6275 7001,6792 7001,7428 7001,8065 7517,8581 8153,8581 Z M 8153,8558 C 8776,8558 9282,8053 9282,7428 9282,6804 8776,6298 8153,6298 7530,6298 7024,6804 7024,7428 7024,8053 7530,8558 8153,8558 Z "/>
          <path fill="rgb(200,0,0)" stroke="none" d="M 8153,8558 C 8776,8558 9282,8053 9282,7428 9282,6804 8776,6298 8153,6298 7530,6298 7024,6804 7024,7428 7024,8053 7530,8558 8153,8558 Z M 8153,8535 C 8763,8535 9259,8040 9259,7428 9259,6817 8763,6321 8153,6321 7543,6321 7047,6817 7047,7428 7047,8040 7543,8535 8153,8535 Z "/>
          <path fill="rgb(199,0,0)" stroke="none" d="M 8153,8535 C 8763,8535 9259,8040 9259,7428 9259,6817 8763,6321 8153,6321 7543,6321 7047,6817 7047,7428 7047,8040 7543,8535 8153,8535 Z M 8153,8511 C 8750,8511 9235,8027 9235,7428 9235,6830 8750,6345 8153,6345 7556,6345 7071,6830 7071,7428 7071,8027 7556,8511 8153,8511 Z "/>
          <path fill="rgb(198,0,0)" stroke="none" d="M 8153,8511 C 8750,8511 9235,8027 9235,7428 9235,6830 8750,6345 8153,6345 7556,6345 7071,6830 7071,7428 7071,8027 7556,8511 8153,8511 Z M 8153,8488 C 8737,8488 9212,8014 9212,7428 9212,6843 8737,6368 8153,6368 7569,6368 7094,6843 7094,7428 7094,8014 7569,8488 8153,8488 Z "/>
          <path fill="rgb(197,0,0)" stroke="none" d="M 8153,8488 C 8737,8488 9212,8014 9212,7428 9212,6843 8737,6368 8153,6368 7569,6368 7094,6843 7094,7428 7094,8014 7569,8488 8153,8488 Z M 8153,8465 C 8725,8465 9189,8001 9189,7428 9189,6856 8725,6391 8153,6391 7581,6391 7117,6856 7117,7428 7117,8001 7581,8465 8153,8465 Z "/>
          <path fill="rgb(196,0,0)" stroke="none" d="M 8153,8465 C 8725,8465 9189,8001 9189,7428 9189,6856 8725,6391 8153,6391 7581,6391 7117,6856 7117,7428 7117,8001 7581,8465 8153,8465 Z M 8153,8442 C 8712,8442 9166,7989 9166,7428 9166,6868 8712,6414 8153,6414 7594,6414 7140,6868 7140,7428 7140,7989 7594,8442 8153,8442 Z "/>
          <path fill="rgb(195,0,0)" stroke="none" d="M 8153,8442 C 8712,8442 9166,7989 9166,7428 9166,6868 8712,6414 8153,6414 7594,6414 7140,6868 7140,7428 7140,7989 7594,8442 8153,8442 Z M 8153,8419 C 8699,8419 9143,7976 9143,7428 9143,6881 8699,6437 8153,6437 7607,6437 7163,6881 7163,7428 7163,7976 7607,8419 8153,8419 Z "/>
          <path fill="rgb(194,0,0)" stroke="none" d="M 8153,8419 C 8699,8419 9143,7976 9143,7428 9143,6881 8699,6437 8153,6437 7607,6437 7163,6881 7163,7428 7163,7976 7607,8419 8153,8419 Z M 8153,8396 C 8687,8396 9120,7963 9120,7428 9120,6894 8687,6460 8153,6460 7619,6460 7186,6894 7186,7428 7186,7963 7619,8396 8153,8396 Z "/>
          <path fill="rgb(193,0,0)" stroke="none" d="M 8153,8396 C 8687,8396 9120,7963 9120,7428 9120,6894 8687,6460 8153,6460 7619,6460 7186,6894 7186,7428 7186,7963 7619,8396 8153,8396 Z M 8153,8373 C 8674,8373 9097,7950 9097,7428 9097,6907 8674,6483 8153,6483 7632,6483 7209,6907 7209,7428 7209,7950 7632,8373 8153,8373 Z "/>
          <path fill="rgb(192,0,0)" stroke="none" d="M 8153,8373 C 8674,8373 9097,7950 9097,7428 9097,6907 8674,6483 8153,6483 7632,6483 7209,6907 7209,7428 7209,7950 7632,8373 8153,8373 Z M 8153,8350 C 8661,8350 9074,7938 9074,7428 9074,6919 8661,6506 8153,6506 7645,6506 7232,6919 7232,7428 7232,7938 7645,8350 8153,8350 Z "/>
          <path fill="rgb(191,0,0)" stroke="none" d="M 8153,8350 C 8661,8350 9074,7938 9074,7428 9074,6919 8661,6506 8153,6506 7645,6506 7232,6919 7232,7428 7232,7938 7645,8350 8153,8350 Z M 8153,8327 C 8648,8327 9051,7925 9051,7428 9051,6932 8648,6529 8153,6529 7658,6529 7255,6932 7255,7428 7255,7925 7658,8327 8153,8327 Z "/>
          <path fill="rgb(190,0,0)" stroke="none" d="M 8153,8327 C 8648,8327 9051,7925 9051,7428 9051,6932 8648,6529 8153,6529 7658,6529 7255,6932 7255,7428 7255,7925 7658,8327 8153,8327 Z M 8153,8304 C 8636,8304 9028,7912 9028,7428 9028,6945 8636,6552 8153,6552 7670,6552 7278,6945 7278,7428 7278,7912 7670,8304 8153,8304 Z "/>
          <path fill="rgb(189,0,0)" stroke="none" d="M 8153,8304 C 8636,8304 9028,7912 9028,7428 9028,6945 8636,6552 8153,6552 7670,6552 7278,6945 7278,7428 7278,7912 7670,8304 8153,8304 Z M 8153,8281 C 8623,8281 9005,7900 9005,7428 9005,6957 8623,6575 8153,6575 7683,6575 7301,6957 7301,7428 7301,7900 7683,8281 8153,8281 Z "/>
          <path fill="rgb(188,0,0)" stroke="none" d="M 8153,8281 C 8623,8281 9005,7900 9005,7428 9005,6957 8623,6575 8153,6575 7683,6575 7301,6957 7301,7428 7301,7900 7683,8281 8153,8281 Z M 8153,8258 C 8610,8258 8982,7887 8982,7428 8982,6970 8610,6598 8153,6598 7696,6598 7324,6970 7324,7428 7324,7887 7696,8258 8153,8258 Z "/>
          <path fill="rgb(187,0,0)" stroke="none" d="M 8153,8258 C 8610,8258 8982,7887 8982,7428 8982,6970 8610,6598 8153,6598 7696,6598 7324,6970 7324,7428 7324,7887 7696,8258 8153,8258 Z M 8153,8235 C 8598,8235 8959,7874 8959,7428 8959,6983 8598,6621 8153,6621 7708,6621 7347,6983 7347,7428 7347,7874 7708,8235 8153,8235 Z "/>
          <path fill="rgb(186,0,0)" stroke="none" d="M 8153,8235 C 8598,8235 8959,7874 8959,7428 8959,6983 8598,6621 8153,6621 7708,6621 7347,6983 7347,7428 7347,7874 7708,8235 8153,8235 Z M 8153,8212 C 8585,8212 8936,7861 8936,7428 8936,6996 8585,6644 8153,6644 7721,6644 7370,6996 7370,7428 7370,7861 7721,8212 8153,8212 Z "/>
          <path fill="rgb(185,0,0)" stroke="none" d="M 8153,8212 C 8585,8212 8936,7861 8936,7428 8936,6996 8585,6644 8153,6644 7721,6644 7370,6996 7370,7428 7370,7861 7721,8212 8153,8212 Z M 8153,8189 C 8572,8189 8913,7849 8913,7428 8913,7008 8572,6667 8153,6667 7734,6667 7393,7008 7393,7428 7393,7849 7734,8189 8153,8189 Z "/>
          <path fill="rgb(184,0,0)" stroke="none" d="M 8153,8189 C 8572,8189 8913,7849 8913,7428 8913,7008 8572,6667 8153,6667 7734,6667 7393,7008 7393,7428 7393,7849 7734,8189 8153,8189 Z M 8153,8166 C 8560,8166 8890,7836 8890,7428 8890,7021 8560,6690 8153,6690 7746,6690 7416,7021 7416,7428 7416,7836 7746,8166 8153,8166 Z "/>
          <path fill="rgb(183,0,0)" stroke="none" d="M 8153,8166 C 8560,8166 8890,7836 8890,7428 8890,7021 8560,6690 8153,6690 7746,6690 7416,7021 7416,7428 7416,7836 7746,8166 8153,8166 Z M 8153,8143 C 8547,8143 8867,7823 8867,7428 8867,7034 8547,6713 8153,6713 7759,6713 7439,7034 7439,7428 7439,7823 7759,8143 8153,8143 Z "/>
          <path fill="rgb(182,0,0)" stroke="none" d="M 8153,8143 C 8547,8143 8867,7823 8867,7428 8867,7034 8547,6713 8153,6713 7759,6713 7439,7034 7439,7428 7439,7823 7759,8143 8153,8143 Z M 8153,8120 C 8534,8120 8844,7811 8844,7428 8844,7046 8534,6736 8153,6736 7772,6736 7462,7046 7462,7428 7462,7811 7772,8120 8153,8120 Z "/>
          <path fill="rgb(181,0,0)" stroke="none" d="M 8153,8120 C 8534,8120 8844,7811 8844,7428 8844,7046 8534,6736 8153,6736 7772,6736 7462,7046 7462,7428 7462,7811 7772,8120 8153,8120 Z M 8153,8097 C 8521,8097 8821,7798 8821,7428 8821,7059 8521,6759 8153,6759 7785,6759 7485,7059 7485,7428 7485,7798 7785,8097 8153,8097 Z "/>
          <path fill="rgb(180,0,0)" stroke="none" d="M 8153,8097 C 8521,8097 8821,7798 8821,7428 8821,7059 8521,6759 8153,6759 7785,6759 7485,7059 7485,7428 7485,7798 7785,8097 8153,8097 Z M 8153,8073 C 8508,8073 8797,7785 8797,7428 8797,7072 8508,6783 8153,6783 7798,6783 7509,7072 7509,7428 7509,7785 7798,8073 8153,8073 Z "/>
          <path fill="rgb(179,0,0)" stroke="none" d="M 8153,8073 C 8508,8073 8797,7785 8797,7428 8797,7072 8508,6783 8153,6783 7798,6783 7509,7072 7509,7428 7509,7785 7798,8073 8153,8073 Z M 8153,8050 C 8495,8050 8774,7772 8774,7428 8774,7085 8495,6806 8153,6806 7811,6806 7532,7085 7532,7428 7532,7772 7811,8050 8153,8050 Z "/>
          <path fill="rgb(178,0,0)" stroke="none" d="M 8153,8050 C 8495,8050 8774,7772 8774,7428 8774,7085 8495,6806 8153,6806 7811,6806 7532,7085 7532,7428 7532,7772 7811,8050 8153,8050 Z M 8153,8027 C 8483,8027 8751,7759 8751,7428 8751,7098 8483,6829 8153,6829 7823,6829 7555,7098 7555,7428 7555,7759 7823,8027 8153,8027 Z "/>
          <path fill="rgb(177,0,0)" stroke="none" d="M 8153,8027 C 8483,8027 8751,7759 8751,7428 8751,7098 8483,6829 8153,6829 7823,6829 7555,7098 7555,7428 7555,7759 7823,8027 8153,8027 Z M 8153,8004 C 8470,8004 8728,7747 8728,7428 8728,7110 8470,6852 8153,6852 7836,6852 7578,7110 7578,7428 7578,7747 7836,8004 8153,8004 Z "/>
          <path fill="rgb(176,0,0)" stroke="none" d="M 8153,8004 C 8470,8004 8728,7747 8728,7428 8728,7110 8470,6852 8153,6852 7836,6852 7578,7110 7578,7428 7578,7747 7836,8004 8153,8004 Z M 8153,7981 C 8457,7981 8705,7734 8705,7428 8705,7123 8457,6875 8153,6875 7849,6875 7601,7123 7601,7428 7601,7734 7849,7981 8153,7981 Z "/>
          <path fill="rgb(175,0,0)" stroke="none" d="M 8153,7981 C 8457,7981 8705,7734 8705,7428 8705,7123 8457,6875 8153,6875 7849,6875 7601,7123 7601,7428 7601,7734 7849,7981 8153,7981 Z M 8153,7958 C 8445,7958 8682,7721 8682,7428 8682,7136 8445,6898 8153,6898 7861,6898 7624,7136 7624,7428 7624,7721 7861,7958 8153,7958 Z "/>
          <path fill="rgb(174,0,0)" stroke="none" d="M 8153,7958 C 8445,7958 8682,7721 8682,7428 8682,7136 8445,6898 8153,6898 7861,6898 7624,7136 7624,7428 7624,7721 7861,7958 8153,7958 Z M 8153,7935 C 8432,7935 8659,7709 8659,7428 8659,7148 8432,6921 8153,6921 7874,6921 7647,7148 7647,7428 7647,7709 7874,7935 8153,7935 Z "/>
          <path fill="rgb(173,0,0)" stroke="none" d="M 8153,7935 C 8432,7935 8659,7709 8659,7428 8659,7148 8432,6921 8153,6921 7874,6921 7647,7148 7647,7428 7647,7709 7874,7935 8153,7935 Z M 8153,7912 C 8419,7912 8636,7696 8636,7428 8636,7161 8419,6944 8153,6944 7887,6944 7670,7161 7670,7428 7670,7696 7887,7912 8153,7912 Z "/>
          <path fill="rgb(172,0,0)" stroke="none" d="M 8153,7912 C 8419,7912 8636,7696 8636,7428 8636,7161 8419,6944 8153,6944 7887,6944 7670,7161 7670,7428 7670,7696 7887,7912 8153,7912 Z M 8153,7889 C 8407,7889 8613,7683 8613,7428 8613,7174 8407,6967 8153,6967 7899,6967 7693,7174 7693,7428 7693,7683 7899,7889 8153,7889 Z "/>
          <path fill="rgb(171,0,0)" stroke="none" d="M 8153,7889 C 8407,7889 8613,7683 8613,7428 8613,7174 8407,6967 8153,6967 7899,6967 7693,7174 7693,7428 7693,7683 7899,7889 8153,7889 Z M 8153,7866 C 8394,7866 8590,7670 8590,7428 8590,7187 8394,6990 8153,6990 7912,6990 7716,7187 7716,7428 7716,7670 7912,7866 8153,7866 Z "/>
          <path fill="rgb(170,0,0)" stroke="none" d="M 8153,7866 C 8394,7866 8590,7670 8590,7428 8590,7187 8394,6990 8153,6990 7912,6990 7716,7187 7716,7428 7716,7670 7912,7866 8153,7866 Z M 8153,7843 C 8381,7843 8567,7658 8567,7428 8567,7199 8381,7013 8153,7013 7925,7013 7739,7199 7739,7428 7739,7658 7925,7843 8153,7843 Z "/>
          <path fill="rgb(169,0,0)" stroke="none" d="M 8153,7843 C 8381,7843 8567,7658 8567,7428 8567,7199 8381,7013 8153,7013 7925,7013 7739,7199 7739,7428 7739,7658 7925,7843 8153,7843 Z M 8153,7820 C 8368,7820 8544,7645 8544,7428 8544,7212 8368,7036 8153,7036 7938,7036 7762,7212 7762,7428 7762,7645 7938,7820 8153,7820 Z "/>
          <path fill="rgb(168,0,0)" stroke="none" d="M 8153,7820 C 8368,7820 8544,7645 8544,7428 8544,7212 8368,7036 8153,7036 7938,7036 7762,7212 7762,7428 7762,7645 7938,7820 8153,7820 Z M 8153,7797 C 8356,7797 8521,7632 8521,7428 8521,7225 8356,7059 8153,7059 7950,7059 7785,7225 7785,7428 7785,7632 7950,7797 8153,7797 Z "/>
          <path fill="rgb(167,0,0)" stroke="none" d="M 8153,7797 C 8356,7797 8521,7632 8521,7428 8521,7225 8356,7059 8153,7059 7950,7059 7785,7225 7785,7428 7785,7632 7950,7797 8153,7797 Z M 8153,7774 C 8343,7774 8498,7620 8498,7428 8498,7237 8343,7082 8153,7082 7963,7082 7808,7237 7808,7428 7808,7620 7963,7774 8153,7774 Z "/>
          <path fill="rgb(166,0,0)" stroke="none" d="M 8153,7774 C 8343,7774 8498,7620 8498,7428 8498,7237 8343,7082 8153,7082 7963,7082 7808,7237 7808,7428 7808,7620 7963,7774 8153,7774 Z M 8153,7751 C 8330,7751 8475,7607 8475,7428 8475,7250 8330,7105 8153,7105 7976,7105 7831,7250 7831,7428 7831,7607 7976,7751 8153,7751 Z "/>
          <path fill="rgb(165,0,0)" stroke="none" d="M 8153,7751 C 8330,7751 8475,7607 8475,7428 8475,7250 8330,7105 8153,7105 7976,7105 7831,7250 7831,7428 7831,7607 7976,7751 8153,7751 Z M 8153,7728 C 8318,7728 8452,7594 8452,7428 8452,7263 8318,7128 8153,7128 7988,7128 7854,7263 7854,7428 7854,7594 7988,7728 8153,7728 Z "/>
          <path fill="rgb(164,0,0)" stroke="none" d="M 8153,7728 C 8318,7728 8452,7594 8452,7428 8452,7263 8318,7128 8153,7128 7988,7128 7854,7263 7854,7428 7854,7594 7988,7728 8153,7728 Z M 8153,7705 C 8305,7705 8429,7581 8429,7428 8429,7276 8305,7151 8153,7151 8001,7151 7877,7276 7877,7428 7877,7581 8001,7705 8153,7705 Z "/>
          <path fill="rgb(163,0,0)" stroke="none" d="M 8153,7705 C 8305,7705 8429,7581 8429,7428 8429,7276 8305,7151 8153,7151 8001,7151 7877,7276 7877,7428 7877,7581 8001,7705 8153,7705 Z M 8153,7682 C 8292,7682 8406,7569 8406,7428 8406,7288 8292,7174 8153,7174 8014,7174 7900,7288 7900,7428 7900,7569 8014,7682 8153,7682 Z "/>
          <path fill="rgb(162,0,0)" stroke="none" d="M 8153,7682 C 8292,7682 8406,7569 8406,7428 8406,7288 8292,7174 8153,7174 8014,7174 7900,7288 7900,7428 7900,7569 8014,7682 8153,7682 Z M 8153,7659 C 8280,7659 8383,7556 8383,7428 8383,7301 8280,7197 8153,7197 8026,7197 7923,7301 7923,7428 7923,7556 8026,7659 8153,7659 Z "/>
          <path fill="rgb(161,0,0)" stroke="none" d="M 8153,7659 C 8280,7659 8383,7556 8383,7428 8383,7301 8280,7197 8153,7197 8026,7197 7923,7301 7923,7428 7923,7556 8026,7659 8153,7659 Z M 8153,7635 C 8266,7635 8359,7543 8359,7428 8359,7314 8266,7221 8153,7221 8040,7221 7947,7314 7947,7428 7947,7543 8040,7635 8153,7635 Z "/>
          <path fill="rgb(160,0,0)" stroke="none" d="M 8153,7635 C 8266,7635 8359,7543 8359,7428 8359,7314 8266,7221 8153,7221 8040,7221 7947,7314 7947,7428 7947,7543 8040,7635 8153,7635 Z M 8153,7612 C 8254,7612 8336,7530 8336,7428 8336,7327 8254,7244 8153,7244 8052,7244 7970,7327 7970,7428 7970,7530 8052,7612 8153,7612 Z "/>
          <path fill="rgb(159,0,0)" stroke="none" d="M 8153,7612 C 8254,7612 8336,7530 8336,7428 8336,7327 8254,7244 8153,7244 8052,7244 7970,7327 7970,7428 7970,7530 8052,7612 8153,7612 Z M 8153,7589 C 8241,7589 8313,7517 8313,7428 8313,7340 8241,7267 8153,7267 8065,7267 7993,7340 7993,7428 7993,7517 8065,7589 8153,7589 Z "/>
          <path fill="rgb(158,0,0)" stroke="none" d="M 8153,7589 C 8241,7589 8313,7517 8313,7428 8313,7340 8241,7267 8153,7267 8065,7267 7993,7340 7993,7428 7993,7517 8065,7589 8153,7589 Z M 8153,7566 C 8228,7566 8290,7505 8290,7428 8290,7352 8228,7290 8153,7290 8078,7290 8016,7352 8016,7428 8016,7505 8078,7566 8153,7566 Z "/>
          <path fill="rgb(157,0,0)" stroke="none" d="M 8153,7566 C 8228,7566 8290,7505 8290,7428 8290,7352 8228,7290 8153,7290 8078,7290 8016,7352 8016,7428 8016,7505 8078,7566 8153,7566 Z M 8153,7543 C 8215,7543 8267,7492 8267,7428 8267,7365 8215,7313 8153,7313 8091,7313 8039,7365 8039,7428 8039,7492 8091,7543 8153,7543 Z "/>
          <path fill="rgb(156,0,0)" stroke="none" d="M 8153,7543 C 8215,7543 8267,7492 8267,7428 8267,7365 8215,7313 8153,7313 8091,7313 8039,7365 8039,7428 8039,7492 8091,7543 8153,7543 Z M 8153,7520 C 8203,7520 8244,7479 8244,7428 8244,7378 8203,7336 8153,7336 8103,7336 8062,7378 8062,7428 8062,7479 8103,7520 8153,7520 Z "/>
          <path fill="rgb(155,0,0)" stroke="none" d="M 8153,7520 C 8203,7520 8244,7479 8244,7428 8244,7378 8203,7336 8153,7336 8103,7336 8062,7378 8062,7428 8062,7479 8103,7520 8153,7520 Z M 8153,7497 C 8190,7497 8221,7467 8221,7428 8221,7390 8190,7359 8153,7359 8116,7359 8085,7390 8085,7428 8085,7467 8116,7497 8153,7497 Z "/>
          <path fill="rgb(154,0,0)" stroke="none" d="M 8153,7497 C 8190,7497 8221,7467 8221,7428 8221,7390 8190,7359 8153,7359 8116,7359 8085,7390 8085,7428 8085,7467 8116,7497 8153,7497 Z M 8153,7474 C 8177,7474 8198,7454 8198,7428 8198,7403 8177,7382 8153,7382 8129,7382 8108,7403 8108,7428 8108,7454 8129,7474 8153,7474 Z "/>
          <path fill="rgb(153,0,0)" stroke="none" d="M 8153,7474 C 8177,7474 8198,7454 8198,7428 8198,7403 8177,7382 8153,7382 8129,7382 8108,7403 8108,7428 8108,7454 8129,7474 8153,7474 Z M 8153,7451 C 8165,7451 8175,7441 8175,7428 8175,7416 8165,7405 8153,7405 8141,7405 8131,7416 8131,7428 8131,7441 8141,7451 8153,7451 Z "/>
          <path fill="rgb(151,0,0)" stroke="none" d="M 8153,7451 C 8165,7451 8175,7441 8175,7428 8175,7416 8165,7405 8153,7405 8141,7405 8131,7416 8131,7428 8131,7441 8141,7451 8153,7451 Z "/>
         </g>
        </g>
       </pattern>
      </defs>
      <path style="fill:url(#pattern1)" d="M 6437,7470 L 6443,7465 6452,7461 6463,7457 6476,7453 6507,7447 6546,7442 6640,7435 6753,7433 7243,7437 7799,7428 7932,7433 7991,7439 8042,7447 8085,7458 8103,7464 8119,7471 8131,7480 8141,7489 8144,7494 8147,7499 8149,7504 8150,7510 8151,7516 8150,7523 8145,7538 8137,7556 8125,7576 8091,7624 8045,7679 7924,7809 7772,7960 7091,8615 5821,9871 4056,9914 6437,7470 Z "/>
     </g>
    </g>
   </g>
   <g class="com.sun.star.drawing.CustomShape">
    <g id="id4">
     <rect class="BoundingBox" stroke="none" fill="none" x="4020" y="9840" width="3125" height="1052"/>
     <g>
      <defs>
       <linearGradient id="gradient1" x1="7144" y1="10365" x2="4020" y2="10365" gradientUnits="userSpaceOnUse">
        <stop offset="0" style="stop-color:rgb(0,104,142)"/>
        <stop offset="0.5" style="stop-color:rgb(0,148,202)"/>
        <stop offset="1" style="stop-color:rgb(0,175,239)"/>
       </linearGradient>
      </defs>
      <path style="fill:url(#gradient1)" d="M 4020,10014 L 4083,10189 4152,10360 4221,10515 4280,10642 4325,10743 4337,10766 4349,10787 4363,10806 4380,10824 4399,10840 4421,10854 4447,10866 4478,10876 4513,10883 4554,10888 4600,10890 4653,10890 7144,10887 7144,10887 7144,9840 7144,9840 4199,9840 4181,9841 4163,9844 4146,9848 4129,9854 4114,9861 4099,9870 4085,9880 4072,9891 4061,9903 4051,9917 4042,9931 4034,9946 4028,9962 4024,9979 4021,9996 4020,10014 Z "/>
     </g>
    </g>
   </g>
   <g class="Group">
    <g class="com.sun.star.drawing.CustomShape">
     <g id="id5">
      <rect class="BoundingBox" stroke="none" fill="none" x="7081" y="9838" width="1110" height="1788"/>
      <g>
       <defs>
        <pattern id="pattern2" x="7081" y="9838" width="1110" height="1788" patternUnits="userSpaceOnUse">
         <g transform="translate(-7081,-9838)">
          <defs>
           <clipPath id="clip_path_2" clipPathUnits="userSpaceOnUse">
            <path d="M 7091,9843 L 8202,9843 8202,11615 7091,11615 7091,9843 Z "/>
           </clipPath>
          </defs>
          <g clip-path="url(#clip_path_2)">
           <path fill="rgb(0,161,72)" stroke="none" d="M 7080,9837 L 8191,9837 8191,11626 7080,11626 7080,9837 Z M 7636,11760 C 8203,11760 8664,11299 8664,10732 8664,10165 8203,9704 7636,9704 7068,9704 6608,10165 6608,10732 6608,11299 7068,11760 7636,11760 Z "/>
           <path fill="rgb(0,160,72)" stroke="none" d="M 7636,11760 C 8203,11760 8664,11299 8664,10732 8664,10165 8203,9704 7636,9704 7068,9704 6608,10165 6608,10732 6608,11299 7068,11760 7636,11760 Z M 7636,11736 C 8190,11736 8640,11287 8640,10732 8640,10178 8190,9728 7636,9728 7081,9728 6632,10178 6632,10732 6632,11287 7081,11736 7636,11736 Z "/>
           <path fill="rgb(0,159,71)" stroke="none" d="M 7636,11736 C 8190,11736 8640,11287 8640,10732 8640,10178 8190,9728 7636,9728 7081,9728 6632,10178 6632,10732 6632,11287 7081,11736 7636,11736 Z M 7636,11711 C 8176,11711 8615,11273 8615,10732 8615,10192 8176,9753 7636,9753 7095,9753 6657,10192 6657,10732 6657,11273 7095,11711 7636,11711 Z "/>
           <path fill="rgb(0,158,71)" stroke="none" d="M 7636,11711 C 8176,11711 8615,11273 8615,10732 8615,10192 8176,9753 7636,9753 7095,9753 6657,10192 6657,10732 6657,11273 7095,11711 7636,11711 Z M 7636,11687 C 8163,11687 8591,11260 8591,10732 8591,10205 8163,9777 7636,9777 7108,9777 6681,10205 6681,10732 6681,11260 7108,11687 7636,11687 Z "/>
           <path fill="rgb(0,157,70)" stroke="none" d="M 7636,11687 C 8163,11687 8591,11260 8591,10732 8591,10205 8163,9777 7636,9777 7108,9777 6681,10205 6681,10732 6681,11260 7108,11687 7636,11687 Z M 7636,11662 C 8149,11662 8566,11246 8566,10732 8566,10219 8149,9802 7636,9802 7122,9802 6706,10219 6706,10732 6706,11246 7122,11662 7636,11662 Z "/>
           <path fill="rgb(0,156,69)" stroke="none" d="M 7636,11662 C 8149,11662 8566,11246 8566,10732 8566,10219 8149,9802 7636,9802 7122,9802 6706,10219 6706,10732 6706,11246 7122,11662 7636,11662 Z M 7636,11638 C 8136,11638 8542,11233 8542,10732 8542,10232 8136,9826 7636,9826 7135,9826 6730,10232 6730,10732 6730,11233 7135,11638 7636,11638 Z "/>
           <path fill="rgb(0,155,69)" stroke="none" d="M 7636,11638 C 8136,11638 8542,11233 8542,10732 8542,10232 8136,9826 7636,9826 7135,9826 6730,10232 6730,10732 6730,11233 7135,11638 7636,11638 Z M 7635,11613 C 8122,11613 8517,11219 8517,10732 8517,10246 8122,9851 7635,9851 7147,9851 6753,10246 6753,10732 6753,11219 7147,11613 7635,11613 Z "/>
           <path fill="rgb(0,154,68)" stroke="none" d="M 7635,11613 C 8122,11613 8517,11219 8517,10732 8517,10246 8122,9851 7635,9851 7147,9851 6753,10246 6753,10732 6753,11219 7147,11613 7635,11613 Z M 7636,11589 C 8109,11589 8493,11206 8493,10732 8493,10259 8109,9875 7636,9875 7162,9875 6779,10259 6779,10732 6779,11206 7162,11589 7636,11589 Z "/>
           <path fill="rgb(0,153,67)" stroke="none" d="M 7636,11589 C 8109,11589 8493,11206 8493,10732 8493,10259 8109,9875 7636,9875 7162,9875 6779,10259 6779,10732 6779,11206 7162,11589 7636,11589 Z M 7635,11564 C 8095,11564 8468,11192 8468,10732 8468,10273 8095,9900 7635,9900 7174,9900 6802,10273 6802,10732 6802,11192 7174,11564 7635,11564 Z "/>
           <path fill="rgb(0,152,67)" stroke="none" d="M 7635,11564 C 8095,11564 8468,11192 8468,10732 8468,10273 8095,9900 7635,9900 7174,9900 6802,10273 6802,10732 6802,11192 7174,11564 7635,11564 Z M 7636,11540 C 8082,11540 8444,11179 8444,10732 8444,10286 8082,9924 7636,9924 7189,9924 6828,10286 6828,10732 6828,11179 7189,11540 7636,11540 Z "/>
           <path fill="rgb(0,151,66)" stroke="none" d="M 7636,11540 C 8082,11540 8444,11179 8444,10732 8444,10286 8082,9924 7636,9924 7189,9924 6828,10286 6828,10732 6828,11179 7189,11540 7636,11540 Z M 7635,11515 C 8067,11515 8419,11165 8419,10732 8419,10300 8067,9949 7635,9949 7202,9949 6851,10300 6851,10732 6851,11165 7202,11515 7635,11515 Z "/>
           <path fill="rgb(0,150,66)" stroke="none" d="M 7635,11515 C 8067,11515 8419,11165 8419,10732 8419,10300 8067,9949 7635,9949 7202,9949 6851,10300 6851,10732 6851,11165 7202,11515 7635,11515 Z M 7636,11491 C 8055,11491 8395,11152 8395,10732 8395,10313 8055,9973 7636,9973 7216,9973 6877,10313 6877,10732 6877,11152 7216,11491 7636,11491 Z "/>
           <path fill="rgb(0,149,65)" stroke="none" d="M 7636,11491 C 8055,11491 8395,11152 8395,10732 8395,10313 8055,9973 7636,9973 7216,9973 6877,10313 6877,10732 6877,11152 7216,11491 7636,11491 Z M 7635,11466 C 8040,11466 8370,11138 8370,10732 8370,10327 8040,9998 7635,9998 7229,9998 6900,10327 6900,10732 6900,11138 7229,11466 7635,11466 Z "/>
           <path fill="rgb(0,148,64)" stroke="none" d="M 7635,11466 C 8040,11466 8370,11138 8370,10732 8370,10327 8040,9998 7635,9998 7229,9998 6900,10327 6900,10732 6900,11138 7229,11466 7635,11466 Z M 7636,11442 C 8028,11442 8346,11125 8346,10732 8346,10340 8028,10022 7636,10022 7243,10022 6926,10340 6926,10732 6926,11125 7243,11442 7636,11442 Z "/>
           <path fill="rgb(0,147,64)" stroke="none" d="M 7636,11442 C 8028,11442 8346,11125 8346,10732 8346,10340 8028,10022 7636,10022 7243,10022 6926,10340 6926,10732 6926,11125 7243,11442 7636,11442 Z M 7635,11417 C 8013,11417 8321,11111 8321,10732 8321,10354 8013,10047 7635,10047 7256,10047 6949,10354 6949,10732 6949,11111 7256,11417 7635,11417 Z "/>
           <path fill="rgb(0,146,63)" stroke="none" d="M 7635,11417 C 8013,11417 8321,11111 8321,10732 8321,10354 8013,10047 7635,10047 7256,10047 6949,10354 6949,10732 6949,11111 7256,11417 7635,11417 Z M 7636,11393 C 8001,11393 8297,11098 8297,10732 8297,10367 8001,10071 7636,10071 7270,10071 6975,10367 6975,10732 6975,11098 7270,11393 7636,11393 Z "/>
           <path fill="rgb(0,145,62)" stroke="none" d="M 7636,11393 C 8001,11393 8297,11098 8297,10732 8297,10367 8001,10071 7636,10071 7270,10071 6975,10367 6975,10732 6975,11098 7270,11393 7636,11393 Z M 7635,11368 C 7986,11368 8272,11084 8272,10732 8272,10381 7986,10096 7635,10096 7283,10096 6998,10381 6998,10732 6998,11084 7283,11368 7635,11368 Z "/>
           <path fill="rgb(0,144,62)" stroke="none" d="M 7635,11368 C 7986,11368 8272,11084 8272,10732 8272,10381 7986,10096 7635,10096 7283,10096 6998,10381 6998,10732 6998,11084 7283,11368 7635,11368 Z M 7636,11344 C 7973,11344 8248,11070 8248,10732 8248,10395 7973,10120 7636,10120 7298,10120 7024,10395 7024,10732 7024,11070 7298,11344 7636,11344 Z "/>
           <path fill="rgb(0,143,61)" stroke="none" d="M 7636,11344 C 7973,11344 8248,11070 8248,10732 8248,10395 7973,10120 7636,10120 7298,10120 7024,10395 7024,10732 7024,11070 7298,11344 7636,11344 Z M 7635,11319 C 7959,11319 8223,11057 8223,10732 8223,10408 7959,10145 7635,10145 7310,10145 7047,10408 7047,10732 7047,11057 7310,11319 7635,11319 Z "/>
           <path fill="rgb(0,142,61)" stroke="none" d="M 7635,11319 C 7959,11319 8223,11057 8223,10732 8223,10408 7959,10145 7635,10145 7310,10145 7047,10408 7047,10732 7047,11057 7310,11319 7635,11319 Z M 7636,11295 C 7946,11295 8199,11043 8199,10732 8199,10422 7946,10169 7636,10169 7325,10169 7073,10422 7073,10732 7073,11043 7325,11295 7636,11295 Z "/>
           <path fill="rgb(0,141,60)" stroke="none" d="M 7636,11295 C 7946,11295 8199,11043 8199,10732 8199,10422 7946,10169 7636,10169 7325,10169 7073,10422 7073,10732 7073,11043 7325,11295 7636,11295 Z M 7635,11272 C 7932,11272 8174,11031 8174,10733 8174,10436 7932,10194 7635,10194 7337,10194 7096,10436 7096,10733 7096,11031 7337,11272 7635,11272 Z "/>
           <path fill="rgb(0,140,59)" stroke="none" d="M 7635,11272 C 7932,11272 8174,11031 8174,10733 8174,10436 7932,10194 7635,10194 7337,10194 7096,10436 7096,10733 7096,11031 7337,11272 7635,11272 Z M 7636,11246 C 7919,11246 8150,11016 8150,10732 8150,10449 7919,10218 7636,10218 7352,10218 7122,10449 7122,10732 7122,11016 7352,11246 7636,11246 Z "/>
           <path fill="rgb(0,139,59)" stroke="none" d="M 7636,11246 C 7919,11246 8150,11016 8150,10732 8150,10449 7919,10218 7636,10218 7352,10218 7122,10449 7122,10732 7122,11016 7352,11246 7636,11246 Z M 7635,11223 C 7905,11223 8125,11004 8125,10733 8125,10463 7905,10243 7635,10243 7364,10243 7145,10463 7145,10733 7145,11004 7364,11223 7635,11223 Z "/>
           <path fill="rgb(0,138,58)" stroke="none" d="M 7635,11223 C 7905,11223 8125,11004 8125,10733 8125,10463 7905,10243 7635,10243 7364,10243 7145,10463 7145,10733 7145,11004 7364,11223 7635,11223 Z M 7636,11197 C 7892,11197 8101,10989 8101,10732 8101,10476 7892,10267 7636,10267 7379,10267 7171,10476 7171,10732 7171,10989 7379,11197 7636,11197 Z "/>
           <path fill="rgb(0,137,57)" stroke="none" d="M 7636,11197 C 7892,11197 8101,10989 8101,10732 8101,10476 7892,10267 7636,10267 7379,10267 7171,10476 7171,10732 7171,10989 7379,11197 7636,11197 Z M 7635,11174 C 7878,11174 8076,10977 8076,10733 8076,10490 7878,10292 7635,10292 7391,10292 7194,10490 7194,10733 7194,10977 7391,11174 7635,11174 Z "/>
           <path fill="rgb(0,136,57)" stroke="none" d="M 7635,11174 C 7878,11174 8076,10977 8076,10733 8076,10490 7878,10292 7635,10292 7391,10292 7194,10490 7194,10733 7194,10977 7391,11174 7635,11174 Z M 7636,11148 C 7865,11148 8052,10962 8052,10732 8052,10503 7865,10316 7636,10316 7406,10316 7220,10503 7220,10732 7220,10962 7406,11148 7636,11148 Z "/>
           <path fill="rgb(0,135,56)" stroke="none" d="M 7636,11148 C 7865,11148 8052,10962 8052,10732 8052,10503 7865,10316 7636,10316 7406,10316 7220,10503 7220,10732 7220,10962 7406,11148 7636,11148 Z M 7635,11125 C 7851,11125 8027,10950 8027,10733 8027,10517 7851,10341 7635,10341 7418,10341 7243,10517 7243,10733 7243,10950 7418,11125 7635,11125 Z "/>
           <path fill="rgb(0,134,56)" stroke="none" d="M 7635,11125 C 7851,11125 8027,10950 8027,10733 8027,10517 7851,10341 7635,10341 7418,10341 7243,10517 7243,10733 7243,10950 7418,11125 7635,11125 Z M 7636,11099 C 7838,11099 8003,10935 8003,10732 8003,10530 7838,10365 7636,10365 7433,10365 7269,10530 7269,10732 7269,10935 7433,11099 7636,11099 Z "/>
           <path fill="rgb(0,133,55)" stroke="none" d="M 7636,11099 C 7838,11099 8003,10935 8003,10732 8003,10530 7838,10365 7636,10365 7433,10365 7269,10530 7269,10732 7269,10935 7433,11099 7636,11099 Z M 7635,11076 C 7824,11076 7978,10923 7978,10733 7978,10544 7824,10390 7635,10390 7445,10390 7292,10544 7292,10733 7292,10923 7445,11076 7635,11076 Z "/>
           <path fill="rgb(0,132,54)" stroke="none" d="M 7635,11076 C 7824,11076 7978,10923 7978,10733 7978,10544 7824,10390 7635,10390 7445,10390 7292,10544 7292,10733 7292,10923 7445,11076 7635,11076 Z M 7636,11050 C 7811,11050 7954,10908 7954,10732 7954,10557 7811,10414 7636,10414 7460,10414 7318,10557 7318,10732 7318,10908 7460,11050 7636,11050 Z "/>
           <path fill="rgb(0,131,54)" stroke="none" d="M 7636,11050 C 7811,11050 7954,10908 7954,10732 7954,10557 7811,10414 7636,10414 7460,10414 7318,10557 7318,10732 7318,10908 7460,11050 7636,11050 Z M 7635,11027 C 7797,11027 7929,10896 7929,10733 7929,10571 7797,10439 7635,10439 7472,10439 7341,10571 7341,10733 7341,10896 7472,11027 7635,11027 Z "/>
           <path fill="rgb(0,130,53)" stroke="none" d="M 7635,11027 C 7797,11027 7929,10896 7929,10733 7929,10571 7797,10439 7635,10439 7472,10439 7341,10571 7341,10733 7341,10896 7472,11027 7635,11027 Z M 7636,11001 C 7784,11001 7905,10881 7905,10732 7905,10584 7784,10463 7636,10463 7487,10463 7367,10584 7367,10732 7367,10881 7487,11001 7636,11001 Z "/>
           <path fill="rgb(0,129,52)" stroke="none" d="M 7636,11001 C 7784,11001 7905,10881 7905,10732 7905,10584 7784,10463 7636,10463 7487,10463 7367,10584 7367,10732 7367,10881 7487,11001 7636,11001 Z M 7635,10978 C 7770,10978 7880,10869 7880,10733 7880,10598 7770,10488 7635,10488 7499,10488 7390,10598 7390,10733 7390,10869 7499,10978 7635,10978 Z "/>
           <path fill="rgb(0,128,52)" stroke="none" d="M 7635,10978 C 7770,10978 7880,10869 7880,10733 7880,10598 7770,10488 7635,10488 7499,10488 7390,10598 7390,10733 7390,10869 7499,10978 7635,10978 Z M 7636,10952 C 7757,10952 7856,10854 7856,10732 7856,10611 7757,10512 7636,10512 7514,10512 7416,10611 7416,10732 7416,10854 7514,10952 7636,10952 Z "/>
           <path fill="rgb(0,127,51)" stroke="none" d="M 7636,10952 C 7757,10952 7856,10854 7856,10732 7856,10611 7757,10512 7636,10512 7514,10512 7416,10611 7416,10732 7416,10854 7514,10952 7636,10952 Z M 7635,10929 C 7743,10929 7831,10842 7831,10733 7831,10625 7743,10537 7635,10537 7526,10537 7439,10625 7439,10733 7439,10842 7526,10929 7635,10929 Z "/>
           <path fill="rgb(0,126,51)" stroke="none" d="M 7635,10929 C 7743,10929 7831,10842 7831,10733 7831,10625 7743,10537 7635,10537 7526,10537 7439,10625 7439,10733 7439,10842 7526,10929 7635,10929 Z M 7636,10903 C 7730,10903 7807,10827 7807,10732 7807,10638 7730,10561 7636,10561 7541,10561 7465,10638 7465,10732 7465,10827 7541,10903 7636,10903 Z "/>
           <path fill="rgb(0,125,50)" stroke="none" d="M 7636,10903 C 7730,10903 7807,10827 7807,10732 7807,10638 7730,10561 7636,10561 7541,10561 7465,10638 7465,10732 7465,10827 7541,10903 7636,10903 Z M 7635,10880 C 7716,10880 7782,10815 7782,10733 7782,10652 7716,10586 7635,10586 7553,10586 7488,10652 7488,10733 7488,10815 7553,10880 7635,10880 Z "/>
           <path fill="rgb(0,124,49)" stroke="none" d="M 7635,10880 C 7716,10880 7782,10815 7782,10733 7782,10652 7716,10586 7635,10586 7553,10586 7488,10652 7488,10733 7488,10815 7553,10880 7635,10880 Z M 7636,10854 C 7703,10854 7758,10800 7758,10732 7758,10665 7703,10610 7636,10610 7568,10610 7514,10665 7514,10732 7514,10800 7568,10854 7636,10854 Z "/>
           <path fill="rgb(0,123,49)" stroke="none" d="M 7636,10854 C 7703,10854 7758,10800 7758,10732 7758,10665 7703,10610 7636,10610 7568,10610 7514,10665 7514,10732 7514,10800 7568,10854 7636,10854 Z M 7635,10831 C 7689,10831 7733,10788 7733,10733 7733,10679 7689,10635 7635,10635 7580,10635 7537,10679 7537,10733 7537,10788 7580,10831 7635,10831 Z "/>
           <path fill="rgb(0,122,48)" stroke="none" d="M 7635,10831 C 7689,10831 7733,10788 7733,10733 7733,10679 7689,10635 7635,10635 7580,10635 7537,10679 7537,10733 7537,10788 7580,10831 7635,10831 Z M 7636,10805 C 7676,10805 7709,10773 7709,10732 7709,10692 7676,10659 7636,10659 7595,10659 7563,10692 7563,10732 7563,10773 7595,10805 7636,10805 Z "/>
           <path fill="rgb(0,121,47)" stroke="none" d="M 7636,10805 C 7676,10805 7709,10773 7709,10732 7709,10692 7676,10659 7636,10659 7595,10659 7563,10692 7563,10732 7563,10773 7595,10805 7636,10805 Z M 7635,10782 C 7662,10782 7684,10761 7684,10733 7684,10706 7662,10684 7635,10684 7607,10684 7586,10706 7586,10733 7586,10761 7607,10782 7635,10782 Z "/>
           <path fill="rgb(0,120,47)" stroke="none" d="M 7635,10782 C 7662,10782 7684,10761 7684,10733 7684,10706 7662,10684 7635,10684 7607,10684 7586,10706 7586,10733 7586,10761 7607,10782 7635,10782 Z M 7636,10756 C 7649,10756 7660,10746 7660,10732 7660,10719 7649,10708 7636,10708 7622,10708 7612,10719 7612,10732 7612,10746 7622,10756 7636,10756 Z "/>
           <path fill="rgb(0,118,45)" stroke="none" d="M 7636,10756 C 7649,10756 7660,10746 7660,10732 7660,10719 7649,10708 7636,10708 7622,10708 7612,10719 7612,10732 7612,10746 7622,10756 7636,10756 Z "/>
          </g>
         </g>
        </pattern>
       </defs>
       <path style="fill:url(#pattern2)" d="M 7265,11624 L 8005,11624 8005,11624 8017,11624 8029,11622 8041,11620 8053,11618 8064,11614 8076,11610 8087,11605 8097,11599 8108,11593 8118,11586 8127,11578 8136,11570 8144,11561 8152,11552 8159,11542 8165,11532 8171,11521 8176,11510 8180,11499 8184,11487 8186,11475 8188,11463 8189,11451 8190,11439 8190,11439 8190,9838 8190,9838 7081,9838 7081,9838 7081,11440 7081,11440 7081,11452 7083,11464 7085,11476 7087,11488 7091,11499 7095,11511 7100,11522 7106,11532 7112,11543 7119,11553 7127,11562 7135,11571 7144,11579 7153,11587 7163,11594 7173,11600 7184,11606 7195,11611 7206,11615 7218,11619 7230,11621 7242,11623 7254,11624 7266,11625 7265,11624 Z "/>
      </g>
     </g>
    </g>
    <g class="com.sun.star.drawing.CustomShape">
     <g id="id6">
      <rect class="BoundingBox" stroke="none" fill="none" x="7079" y="9840" width="1693" height="1048"/>
      <g>
       <defs>
        <pattern id="pattern3" x="7079" y="9840" width="1693" height="1048" patternUnits="userSpaceOnUse">
         <g transform="translate(-7079,-9840)">
          <defs>
           <clipPath id="clip_path_3" clipPathUnits="userSpaceOnUse">
            <path d="M 7091,9843 L 8784,9843 8784,10874 7091,10874 7091,9843 Z "/>
           </clipPath>
          </defs>
          <g clip-path="url(#clip_path_3)">
           <path fill="rgb(0,161,72)" stroke="none" d="M 7078,9839 L 8772,9839 8772,10888 7078,10888 7078,9839 Z M 7924,11338 C 8461,11338 8897,10903 8897,10365 8897,9828 8461,9392 7924,9392 7387,9392 6951,9828 6951,10365 6951,10903 7387,11338 7924,11338 Z "/>
           <path fill="rgb(0,160,72)" stroke="none" d="M 7924,11338 C 8461,11338 8897,10903 8897,10365 8897,9828 8461,9392 7924,9392 7387,9392 6951,9828 6951,10365 6951,10903 7387,11338 7924,11338 Z M 7924,11315 C 8448,11315 8874,10890 8874,10365 8874,9841 8448,9415 7924,9415 7400,9415 6974,9841 6974,10365 6974,10890 7400,11315 7924,11315 Z "/>
           <path fill="rgb(0,159,71)" stroke="none" d="M 7924,11315 C 8448,11315 8874,10890 8874,10365 8874,9841 8448,9415 7924,9415 7400,9415 6974,9841 6974,10365 6974,10890 7400,11315 7924,11315 Z M 7924,11292 C 8435,11292 8851,10877 8851,10365 8851,9854 8435,9438 7924,9438 7412,9438 6997,9854 6997,10365 6997,10877 7412,11292 7924,11292 Z "/>
           <path fill="rgb(0,158,71)" stroke="none" d="M 7924,11292 C 8435,11292 8851,10877 8851,10365 8851,9854 8435,9438 7924,9438 7412,9438 6997,9854 6997,10365 6997,10877 7412,11292 7924,11292 Z M 7924,11269 C 8423,11269 8828,10865 8828,10365 8828,9866 8423,9461 7924,9461 7424,9461 7020,9866 7020,10365 7020,10865 7424,11269 7924,11269 Z "/>
           <path fill="rgb(0,157,70)" stroke="none" d="M 7924,11269 C 8423,11269 8828,10865 8828,10365 8828,9866 8423,9461 7924,9461 7424,9461 7020,9866 7020,10365 7020,10865 7424,11269 7924,11269 Z M 7924,11246 C 8410,11246 8805,10852 8805,10365 8805,9879 8410,9484 7924,9484 7437,9484 7043,9879 7043,10365 7043,10852 7437,11246 7924,11246 Z "/>
           <path fill="rgb(0,156,69)" stroke="none" d="M 7924,11246 C 8410,11246 8805,10852 8805,10365 8805,9879 8410,9484 7924,9484 7437,9484 7043,9879 7043,10365 7043,10852 7437,11246 7924,11246 Z M 7924,11222 C 8397,11222 8781,10839 8781,10365 8781,9892 8397,9508 7924,9508 7450,9508 7067,9892 7067,10365 7067,10839 7450,11222 7924,11222 Z "/>
           <path fill="rgb(0,155,69)" stroke="none" d="M 7924,11222 C 8397,11222 8781,10839 8781,10365 8781,9892 8397,9508 7924,9508 7450,9508 7067,9892 7067,10365 7067,10839 7450,11222 7924,11222 Z M 7924,11199 C 8384,11199 8758,10826 8758,10365 8758,9905 8384,9531 7924,9531 7463,9531 7090,9905 7090,10365 7090,10826 7463,11199 7924,11199 Z "/>
           <path fill="rgb(0,154,68)" stroke="none" d="M 7924,11199 C 8384,11199 8758,10826 8758,10365 8758,9905 8384,9531 7924,9531 7463,9531 7090,9905 7090,10365 7090,10826 7463,11199 7924,11199 Z M 7924,11176 C 8371,11176 8735,10813 8735,10365 8735,9918 8371,9554 7924,9554 7476,9554 7113,9918 7113,10365 7113,10813 7476,11176 7924,11176 Z "/>
           <path fill="rgb(0,153,67)" stroke="none" d="M 7924,11176 C 8371,11176 8735,10813 8735,10365 8735,9918 8371,9554 7924,9554 7476,9554 7113,9918 7113,10365 7113,10813 7476,11176 7924,11176 Z M 7924,11153 C 8359,11153 8712,10801 8712,10365 8712,9930 8359,9577 7924,9577 7488,9577 7136,9930 7136,10365 7136,10801 7488,11153 7924,11153 Z "/>
           <path fill="rgb(0,152,67)" stroke="none" d="M 7924,11153 C 8359,11153 8712,10801 8712,10365 8712,9930 8359,9577 7924,9577 7488,9577 7136,9930 7136,10365 7136,10801 7488,11153 7924,11153 Z M 7924,11130 C 8346,11130 8689,10788 8689,10365 8689,9943 8346,9600 7924,9600 7501,9600 7159,9943 7159,10365 7159,10788 7501,11130 7924,11130 Z "/>
           <path fill="rgb(0,151,66)" stroke="none" d="M 7924,11130 C 8346,11130 8689,10788 8689,10365 8689,9943 8346,9600 7924,9600 7501,9600 7159,9943 7159,10365 7159,10788 7501,11130 7924,11130 Z M 7924,11106 C 8333,11106 8665,10775 8665,10365 8665,9956 8333,9624 7924,9624 7514,9624 7183,9956 7183,10365 7183,10775 7514,11106 7924,11106 Z "/>
           <path fill="rgb(0,150,66)" stroke="none" d="M 7924,11106 C 8333,11106 8665,10775 8665,10365 8665,9956 8333,9624 7924,9624 7514,9624 7183,9956 7183,10365 7183,10775 7514,11106 7924,11106 Z M 7924,11083 C 8320,11083 8642,10762 8642,10365 8642,9969 8320,9647 7924,9647 7527,9647 7206,9969 7206,10365 7206,10762 7527,11083 7924,11083 Z "/>
           <path fill="rgb(0,149,65)" stroke="none" d="M 7924,11083 C 8320,11083 8642,10762 8642,10365 8642,9969 8320,9647 7924,9647 7527,9647 7206,9969 7206,10365 7206,10762 7527,11083 7924,11083 Z M 7924,11060 C 8307,11060 8619,10749 8619,10365 8619,9982 8307,9670 7924,9670 7540,9670 7229,9982 7229,10365 7229,10749 7540,11060 7924,11060 Z "/>
           <path fill="rgb(0,148,64)" stroke="none" d="M 7924,11060 C 8307,11060 8619,10749 8619,10365 8619,9982 8307,9670 7924,9670 7540,9670 7229,9982 7229,10365 7229,10749 7540,11060 7924,11060 Z M 7924,11037 C 8295,11037 8596,10737 8596,10365 8596,9994 8295,9693 7924,9693 7552,9693 7252,9994 7252,10365 7252,10737 7552,11037 7924,11037 Z "/>
           <path fill="rgb(0,147,64)" stroke="none" d="M 7924,11037 C 8295,11037 8596,10737 8596,10365 8596,9994 8295,9693 7924,9693 7552,9693 7252,9994 7252,10365 7252,10737 7552,11037 7924,11037 Z M 7924,11014 C 8282,11014 8573,10724 8573,10365 8573,10007 8282,9716 7924,9716 7565,9716 7275,10007 7275,10365 7275,10724 7565,11014 7924,11014 Z "/>
           <path fill="rgb(0,146,63)" stroke="none" d="M 7924,11014 C 8282,11014 8573,10724 8573,10365 8573,10007 8282,9716 7924,9716 7565,9716 7275,10007 7275,10365 7275,10724 7565,11014 7924,11014 Z M 7924,10991 C 8269,10991 8550,10711 8550,10365 8550,10020 8269,9739 7924,9739 7578,9739 7298,10020 7298,10365 7298,10711 7578,10991 7924,10991 Z "/>
           <path fill="rgb(0,145,62)" stroke="none" d="M 7924,10991 C 8269,10991 8550,10711 8550,10365 8550,10020 8269,9739 7924,9739 7578,9739 7298,10020 7298,10365 7298,10711 7578,10991 7924,10991 Z M 7924,10967 C 8256,10967 8526,10698 8526,10365 8526,10033 8256,9763 7924,9763 7591,9763 7322,10033 7322,10365 7322,10698 7591,10967 7924,10967 Z "/>
           <path fill="rgb(0,144,62)" stroke="none" d="M 7924,10967 C 8256,10967 8526,10698 8526,10365 8526,10033 8256,9763 7924,9763 7591,9763 7322,10033 7322,10365 7322,10698 7591,10967 7924,10967 Z M 7924,10944 C 8243,10944 8503,10685 8503,10365 8503,10046 8243,9786 7924,9786 7604,9786 7345,10046 7345,10365 7345,10685 7604,10944 7924,10944 Z "/>
           <path fill="rgb(0,143,61)" stroke="none" d="M 7924,10944 C 8243,10944 8503,10685 8503,10365 8503,10046 8243,9786 7924,9786 7604,9786 7345,10046 7345,10365 7345,10685 7604,10944 7924,10944 Z M 7924,10921 C 8231,10921 8480,10673 8480,10365 8480,10058 8231,9809 7924,9809 7616,9809 7368,10058 7368,10365 7368,10673 7616,10921 7924,10921 Z "/>
           <path fill="rgb(0,142,61)" stroke="none" d="M 7924,10921 C 8231,10921 8480,10673 8480,10365 8480,10058 8231,9809 7924,9809 7616,9809 7368,10058 7368,10365 7368,10673 7616,10921 7924,10921 Z M 7924,10898 C 8218,10898 8457,10660 8457,10365 8457,10071 8218,9832 7924,9832 7629,9832 7391,10071 7391,10365 7391,10660 7629,10898 7924,10898 Z "/>
           <path fill="rgb(0,141,60)" stroke="none" d="M 7924,10898 C 8218,10898 8457,10660 8457,10365 8457,10071 8218,9832 7924,9832 7629,9832 7391,10071 7391,10365 7391,10660 7629,10898 7924,10898 Z M 7924,10875 C 8205,10875 8434,10647 8434,10365 8434,10084 8205,9855 7924,9855 7642,9855 7414,10084 7414,10365 7414,10647 7642,10875 7924,10875 Z "/>
           <path fill="rgb(0,140,59)" stroke="none" d="M 7924,10875 C 8205,10875 8434,10647 8434,10365 8434,10084 8205,9855 7924,9855 7642,9855 7414,10084 7414,10365 7414,10647 7642,10875 7924,10875 Z M 7924,10851 C 8192,10851 8410,10634 8410,10365 8410,10097 8192,9879 7924,9879 7655,9879 7438,10097 7438,10365 7438,10634 7655,10851 7924,10851 Z "/>
           <path fill="rgb(0,139,59)" stroke="none" d="M 7924,10851 C 8192,10851 8410,10634 8410,10365 8410,10097 8192,9879 7924,9879 7655,9879 7438,10097 7438,10365 7438,10634 7655,10851 7924,10851 Z M 7924,10828 C 8179,10828 8387,10621 8387,10365 8387,10110 8179,9902 7924,9902 7668,9902 7461,10110 7461,10365 7461,10621 7668,10828 7924,10828 Z "/>
           <path fill="rgb(0,138,58)" stroke="none" d="M 7924,10828 C 8179,10828 8387,10621 8387,10365 8387,10110 8179,9902 7924,9902 7668,9902 7461,10110 7461,10365 7461,10621 7668,10828 7924,10828 Z M 7924,10805 C 8167,10805 8364,10609 8364,10365 8364,10122 8167,9925 7924,9925 7680,9925 7484,10122 7484,10365 7484,10609 7680,10805 7924,10805 Z "/>
           <path fill="rgb(0,137,57)" stroke="none" d="M 7924,10805 C 8167,10805 8364,10609 8364,10365 8364,10122 8167,9925 7924,9925 7680,9925 7484,10122 7484,10365 7484,10609 7680,10805 7924,10805 Z M 7924,10782 C 8154,10782 8341,10596 8341,10365 8341,10135 8154,9948 7924,9948 7693,9948 7507,10135 7507,10365 7507,10596 7693,10782 7924,10782 Z "/>
           <path fill="rgb(0,136,57)" stroke="none" d="M 7924,10782 C 8154,10782 8341,10596 8341,10365 8341,10135 8154,9948 7924,9948 7693,9948 7507,10135 7507,10365 7507,10596 7693,10782 7924,10782 Z M 7924,10759 C 8141,10759 8318,10583 8318,10365 8318,10148 8141,9971 7924,9971 7706,9971 7530,10148 7530,10365 7530,10583 7706,10759 7924,10759 Z "/>
           <path fill="rgb(0,135,56)" stroke="none" d="M 7924,10759 C 8141,10759 8318,10583 8318,10365 8318,10148 8141,9971 7924,9971 7706,9971 7530,10148 7530,10365 7530,10583 7706,10759 7924,10759 Z M 7924,10735 C 8128,10735 8294,10570 8294,10365 8294,10161 8128,9995 7924,9995 7719,9995 7554,10161 7554,10365 7554,10570 7719,10735 7924,10735 Z "/>
           <path fill="rgb(0,134,56)" stroke="none" d="M 7924,10735 C 8128,10735 8294,10570 8294,10365 8294,10161 8128,9995 7924,9995 7719,9995 7554,10161 7554,10365 7554,10570 7719,10735 7924,10735 Z M 7924,10712 C 8115,10712 8271,10557 8271,10365 8271,10174 8115,10018 7924,10018 7732,10018 7577,10174 7577,10365 7577,10557 7732,10712 7924,10712 Z "/>
           <path fill="rgb(0,133,55)" stroke="none" d="M 7924,10712 C 8115,10712 8271,10557 8271,10365 8271,10174 8115,10018 7924,10018 7732,10018 7577,10174 7577,10365 7577,10557 7732,10712 7924,10712 Z M 7924,10689 C 8102,10689 8248,10544 8248,10365 8248,10187 8102,10041 7924,10041 7745,10041 7600,10187 7600,10365 7600,10544 7745,10689 7924,10689 Z "/>
           <path fill="rgb(0,132,54)" stroke="none" d="M 7924,10689 C 8102,10689 8248,10544 8248,10365 8248,10187 8102,10041 7924,10041 7745,10041 7600,10187 7600,10365 7600,10544 7745,10689 7924,10689 Z M 7924,10666 C 8090,10666 8225,10532 8225,10365 8225,10199 8090,10064 7924,10064 7757,10064 7623,10199 7623,10365 7623,10532 7757,10666 7924,10666 Z "/>
           <path fill="rgb(0,131,54)" stroke="none" d="M 7924,10666 C 8090,10666 8225,10532 8225,10365 8225,10199 8090,10064 7924,10064 7757,10064 7623,10199 7623,10365 7623,10532 7757,10666 7924,10666 Z M 7924,10643 C 8077,10643 8202,10519 8202,10365 8202,10212 8077,10087 7924,10087 7770,10087 7646,10212 7646,10365 7646,10519 7770,10643 7924,10643 Z "/>
           <path fill="rgb(0,130,53)" stroke="none" d="M 7924,10643 C 8077,10643 8202,10519 8202,10365 8202,10212 8077,10087 7924,10087 7770,10087 7646,10212 7646,10365 7646,10519 7770,10643 7924,10643 Z M 7924,10620 C 8064,10620 8179,10506 8179,10365 8179,10225 8064,10110 7924,10110 7783,10110 7669,10225 7669,10365 7669,10506 7783,10620 7924,10620 Z "/>
           <path fill="rgb(0,129,52)" stroke="none" d="M 7924,10620 C 8064,10620 8179,10506 8179,10365 8179,10225 8064,10110 7924,10110 7783,10110 7669,10225 7669,10365 7669,10506 7783,10620 7924,10620 Z M 7924,10596 C 8051,10596 8155,10493 8155,10365 8155,10238 8051,10134 7924,10134 7796,10134 7693,10238 7693,10365 7693,10493 7796,10596 7924,10596 Z "/>
           <path fill="rgb(0,128,52)" stroke="none" d="M 7924,10596 C 8051,10596 8155,10493 8155,10365 8155,10238 8051,10134 7924,10134 7796,10134 7693,10238 7693,10365 7693,10493 7796,10596 7924,10596 Z M 7924,10573 C 8038,10573 8132,10480 8132,10365 8132,10251 8038,10157 7924,10157 7809,10157 7716,10251 7716,10365 7716,10480 7809,10573 7924,10573 Z "/>
           <path fill="rgb(0,127,51)" stroke="none" d="M 7924,10573 C 8038,10573 8132,10480 8132,10365 8132,10251 8038,10157 7924,10157 7809,10157 7716,10251 7716,10365 7716,10480 7809,10573 7924,10573 Z M 7924,10550 C 8026,10550 8109,10468 8109,10365 8109,10263 8026,10180 7924,10180 7821,10180 7739,10263 7739,10365 7739,10468 7821,10550 7924,10550 Z "/>
           <path fill="rgb(0,126,51)" stroke="none" d="M 7924,10550 C 8026,10550 8109,10468 8109,10365 8109,10263 8026,10180 7924,10180 7821,10180 7739,10263 7739,10365 7739,10468 7821,10550 7924,10550 Z M 7924,10527 C 8013,10527 8086,10455 8086,10365 8086,10276 8013,10203 7924,10203 7834,10203 7762,10276 7762,10365 7762,10455 7834,10527 7924,10527 Z "/>
           <path fill="rgb(0,125,50)" stroke="none" d="M 7924,10527 C 8013,10527 8086,10455 8086,10365 8086,10276 8013,10203 7924,10203 7834,10203 7762,10276 7762,10365 7762,10455 7834,10527 7924,10527 Z M 7924,10504 C 8000,10504 8063,10442 8063,10365 8063,10289 8000,10226 7924,10226 7847,10226 7785,10289 7785,10365 7785,10442 7847,10504 7924,10504 Z "/>
           <path fill="rgb(0,124,49)" stroke="none" d="M 7924,10504 C 8000,10504 8063,10442 8063,10365 8063,10289 8000,10226 7924,10226 7847,10226 7785,10289 7785,10365 7785,10442 7847,10504 7924,10504 Z M 7924,10480 C 7987,10480 8039,10429 8039,10365 8039,10302 7987,10250 7924,10250 7860,10250 7809,10302 7809,10365 7809,10429 7860,10480 7924,10480 Z "/>
           <path fill="rgb(0,123,49)" stroke="none" d="M 7924,10480 C 7987,10480 8039,10429 8039,10365 8039,10302 7987,10250 7924,10250 7860,10250 7809,10302 7809,10365 7809,10429 7860,10480 7924,10480 Z M 7924,10457 C 7974,10457 8016,10416 8016,10365 8016,10315 7974,10273 7924,10273 7873,10273 7832,10315 7832,10365 7832,10416 7873,10457 7924,10457 Z "/>
           <path fill="rgb(0,122,48)" stroke="none" d="M 7924,10457 C 7974,10457 8016,10416 8016,10365 8016,10315 7974,10273 7924,10273 7873,10273 7832,10315 7832,10365 7832,10416 7873,10457 7924,10457 Z M 7924,10434 C 7962,10434 7993,10404 7993,10365 7993,10327 7962,10296 7924,10296 7885,10296 7855,10327 7855,10365 7855,10404 7885,10434 7924,10434 Z "/>
           <path fill="rgb(0,121,47)" stroke="none" d="M 7924,10434 C 7962,10434 7993,10404 7993,10365 7993,10327 7962,10296 7924,10296 7885,10296 7855,10327 7855,10365 7855,10404 7885,10434 7924,10434 Z M 7924,10411 C 7949,10411 7970,10391 7970,10365 7970,10340 7949,10319 7924,10319 7898,10319 7878,10340 7878,10365 7878,10391 7898,10411 7924,10411 Z "/>
           <path fill="rgb(0,120,47)" stroke="none" d="M 7924,10411 C 7949,10411 7970,10391 7970,10365 7970,10340 7949,10319 7924,10319 7898,10319 7878,10340 7878,10365 7878,10391 7898,10411 7924,10411 Z M 7924,10388 C 7936,10388 7947,10378 7947,10365 7947,10353 7936,10342 7924,10342 7911,10342 7901,10353 7901,10365 7901,10378 7911,10388 7924,10388 Z "/>
           <path fill="rgb(0,118,45)" stroke="none" d="M 7924,10388 C 7936,10388 7947,10378 7947,10365 7947,10353 7936,10342 7924,10342 7911,10342 7901,10353 7901,10365 7901,10378 7911,10388 7924,10388 Z "/>
          </g>
         </g>
        </pattern>
       </defs>
       <path style="fill:url(#pattern3)" d="M 8770,10014 L 8770,10712 8770,10712 8770,10723 8769,10735 8767,10746 8764,10757 8761,10768 8757,10779 8752,10789 8747,10799 8741,10809 8734,10818 8727,10827 8719,10835 8711,10843 8702,10850 8692,10857 8683,10863 8673,10869 8662,10873 8652,10877 8641,10881 8630,10883 8618,10885 8607,10886 8595,10887 8595,10887 7079,10887 7079,10887 7079,9840 7079,9840 8596,9840 8596,9840 8607,9840 8619,9841 8630,9843 8641,9846 8652,9849 8663,9853 8673,9858 8683,9863 8693,9869 8702,9876 8711,9883 8719,9891 8727,9899 8734,9908 8741,9918 8747,9927 8753,9937 8757,9948 8761,9958 8765,9969 8767,9980 8769,9992 8770,10003 8771,10015 8770,10014 Z "/>
      </g>
     </g>
    </g>
   </g>
   <g class="com.sun.star.drawing.CustomShape">
    <g id="id7">
     <rect class="BoundingBox" stroke="none" fill="none" x="7072" y="7470" width="1119" height="2372"/>
     <g>
      <defs>
       <linearGradient id="gradient2" x1="7630" y1="9840" x2="7630" y2="7469" gradientUnits="userSpaceOnUse">
        <stop offset="0" style="stop-color:rgb(180,129,0)"/>
        <stop offset="0.5" style="stop-color:rgb(214,161,0)"/>
        <stop offset="1" style="stop-color:rgb(255,191,0)"/>
       </linearGradient>
      </defs>
      <path style="fill:url(#gradient2)" d="M 7072,8638 L 8116,7470 8124,7473 8131,7476 8139,7479 8146,7483 8152,7488 8158,7494 8164,7500 8169,7508 8173,7516 8177,7526 8181,7537 8184,7550 8186,7564 8188,7580 8189,7616 8189,9841 8189,9841 7080,9841 7080,9841 7072,8638 Z "/>
     </g>
    </g>
   </g>
  </g>
 </g>
</svg>